normal:
  ref:
    right45: 45.0
    left45: 45.0
    front: 47
    kireme_r: 1.750
    kireme_l: 1.750
    # kireme_r: 2.25
    # kireme_l: 2.25
  exist:
    right45: 5.5
    left45: 5.5
    # left45: 120.5 #サーキット
    # right45: 48
    # left45: 48
    # front: 65 #80
    front: 75 #80 #前壁があるとき壁制御しない
    kireme_r: 100 #右90壁有無
    kireme_l: 100 #左90壁有無
    right90: 60
    left90: 60
normal2: #壁なし補正時
  ref:
    right45: 59
    left45: 61
    # front: 47
    kireme_r: 90
    kireme_l: 90
  exist:
    right45: 59
    left45: 61
    # right45: 48
    # left45: 48
    front: 0.125 #80
    # kireme_r: 100 #右90壁有無
    # kireme_l: 100 #左90壁有無
    right90: 100
    left90: 100
dia:
  ref:
    right90: 120
    left90: 125
    kireme_r: 160
    kireme_l: 160
  exist:
    right90: 120 # dia.ref.right90と同じ
    left90: 125 # dia.ref.left90と同じ
search:
  ref:
    right45: 38
    left45: 38
    right90: 55
    left90: 55
    kireme_r: 0
    kireme_l: 0
  exist:
    front: 135
    right45: 65
    left45: 65

    right90: 58
    left90: 58

    # kireme_r: 1.5 #前壁補正：角度
    # kireme_r: 0.45 #前壁補正：角度
    kireme_l: 1.0 #切れ目しきい値 L

    offset_r: 25 #前壁制御　左右値差　しきい値
    offset_l: 10 #前壁制御　duty max値

    front_ctrl_th: 56
    # 前壁補正
    front_ctrl: 43.0 #前壁補正：距離
    kireme_r: 1.0  #前壁補正：角度 +が右、-が左
gain:
  # F: [70, 1] # 探索時の壁制御上限
  F: [0.75, 1] # 探索時の壁制御上限
  F2: [1.25, 0.1] # 最短時の壁制御上限, 壁制御のLPF定数
  # F: [0, 1] # 探索時の壁制御上限
  # F2: [0, 0.1] # 最短時の壁制御上限, 壁制御のLPF定数
  F3: [1, 3] # 斜め制御th , 固定値
  F4: [1, 0] # a
 
  # bを大きくすると壁から遠のく
  L45: [840.5334466172814, 82.05621238621163]
  R45: [1063.8134556965751, 112.55901407576334]
  L90_near: [1423.2434144035237, 128.11114104091203]
  R90_near: [1330.8933008279855, 118.78443973601236]
  L90_mid: [1423.2434144035237, 128.11114104091203]
  R90_mid: [1330.8933008279855, 118.78443973601236]
  L90_far: [1423.2434144035237, 128.11114104091203]
  R90_far: [1330.8933008279855, 118.78443973601236]