normal:
  ref:
    right45: 45.0
    left45: 45.0
    front: 47
    kireme_r: 1.750
    kireme_l: 1.750
  exist:
    right45: 46.5
    left45: 46.5
    # right45: 48
    # left45: 48
    # front: 65 #80
    front: 70 #80
    kireme_r: 100 #右90壁有無
    kireme_l: 100 #左90壁有無
    right90: 60
    left90: 60
normal2: #壁なし補正時
  ref:
    right45: 59
    left45: 61
    # front: 47
    kireme_r: 90
    kireme_l: 90
  exist:
    right45: 59
    left45: 61
    # right45: 48
    # left45: 48
    front: 0.125 #80
    # kireme_r: 100 #右90壁有無
    # kireme_l: 100 #左90壁有無
    right90: 100
    left90: 100
dia:
  ref:
    right90: 115
    left90: 110
    kireme_r: 160
    kireme_l: 160
  exist:
    right90: 115 # dia.ref.right90と同じ
    left90: 110 # dia.ref.left90と同じ
search:
  ref:
    right45: 38
    left45: 38
    right90: 55
    left90: 55
    kireme_r: 0
    kireme_l: 0
  exist:
    front: 135
    right45: 70
    left45: 70

    right90: 58
    left90: 58

    # kireme_r: 1.5 #前壁補正：角度
    # kireme_r: 0.45 #前壁補正：角度
    kireme_l: 1.0 #切れ目しきい値 L

    offset_r: 25 #前壁制御　左右値差　しきい値
    offset_l: 8 #前壁制御　duty max値

    front_ctrl_th: 56
    # 前壁補正
    front_ctrl: 46.50
    # kireme_r: 0.95 #前壁補正：角度
    kireme_r: 0.25  #前壁補正：角度
gain:
  F: [0.7, 1] # 探索時の壁制御上限
  # F: [70, 1] # 探索時の壁制御上限
  F2: [42.5, 0.1] # 最短時の壁制御上限, 壁制御のLPF定数
  F3: [1, 3] # 斜め制御th , 固定値
  F4: [0, 0] # a
 

  L45: [720.2322044081961, 66.27609528040824]
  R45: [687.246337983196, 66.56663762954101]
  L90_near: [955.1809921335141, 73.37631701019832]
  R90_near: [957.0579152105129, 76.55817484273905]
  L90_mid: [955.1809921335141, 73.37631701019832]
  R90_mid: [957.0579152105129, 76.55817484273905]
  L90_far: [490.3740072213226, -8.107223288867603]
  R90_far: [741.1687230374256, 38.3279528080936]

  
  # L90_near: [656.734266746749, 38.88517877278922]
  # R90_near: [715.2137972022624, 56.257620418831024]
  # L90_mid: [656.734266746749, 38.88517877278922]
  # R90_mid: [715.2137972022624, 56.257620418831024]
  # L90_far: [656.734266746749, 38.88517877278922]
  # R90_far: [715.2137972022624, 56.257620418831024]
