large:
  v: 1500
  ang: 90
  rad: 63
  pow_n: 4
  time: 0.04323437499999697
  front: { left: 5.8943193199512365, right: 5.8943193199512365 }
  back: { left: 36.2028460822768, right: 36.2028460822768 }
