dia135:
  v: 500
  ang: 135
  rad: 45
  pow_n: 4
  time: 0.13893750000000799
  front: { left: 24.774699979716157, right: 24.774699979716157 }
  back: { left: 23.913697975293662, right: 23.913697975293662 }
