normal:
  v: 1200
  ang: 90
  rad: 24
  pow_n: 2
  time: 0.026031249999998864
  front: { left: 1.140220765660145, right: 1.140220765660145 }
  back: { left: 17.806282645925084, right: 17.806282645925084 }
