large:
  v: 1500
  ang: 90
  rad: 60
  pow_n: 4
  time: 0.0411718749999972
  front: { left: 9.56314808306098, right: 9.56314808306098 }
  back: { left: 39.088638268686275, right: 39.088638268686275 }
