dia45:
  v: 300
  ang: 45
  rad: 54
  pow_n: 4
  time: 0.09262500000000491
  front: { left: 16.01655140574303, right: 16.01655140574303 }
  back: { left: 35.83762647123684, right: 35.83762647123684 }
