dia90:
  v: 300
  ang: 90
  rad: 36
  pow_n: 4
  time: 0.12350000000001522
  front: { left: 19.837355831378424, right: 19.837355831378424 }
  back: { left: 23.576330937997582, right: 23.576330937997582 }
